a               = 38.1211           
b               = -203.042          
c               = 2.16608           
d               = -18928.8          
e               = -1.3204e+07       
f               = 1.62193e+08       
g               = -5.0626e+08       
