a               = -14.4776          
b               = 102.041           
c               = -1.1881           
d               = 3.46958           
e               = 34.7343           
f               = 4.13275           
g               = 1.19491           
