a               = 10.1169           
b               = -9.88264          
c               = -0.664378         
d               = 18200.1           
e               = -1.35e+07         
f               = 1.62e+08          
g               = -5.06e+08         
