a = 17.41647
b = -60.48823
c = -0.5307478
d = 1.817261e4
e = -1.351398e7
f = 1.621499e8
g = -5.062661e8
