alph00 = -0.000438263632235238
alph10 = 0.00335632456278826
alph20 = -0.00703633174074553
alph30 = 0.00735105423187598
alph40 = -0.00309886444097797
alph50 = 0
alph60 = 0
alph01 = -0.000152348446858034
alph11 = 0.00125153930891024
alph21 = -0.00262893683476524
alph31 = 0.00172886076286486
alph41 = -0.000446768599852708
alph51 = 0
alph61 = 0
alph02 = 1.3538726063601e-05
alph12 = -8.60154881727956e-05
alph22 = 8.38683062146619e-05
alph32 = 8.32314967470736e-05
alph42 = -7.22072382346195e-05
alph52 = 0
alph62 = 0
alph03 = -1.85603624862181e-06
alph13 = 1.37049734997549e-05
alph23 = -2.36237144589513e-05
alph33 = 9.4945057952975e-06
alph43 = 9.40860081678399e-07
alph53 = 0
alph63 = 0
alph04 = 4.63778491416667e-08
alph14 = -3.38327502527372e-07
alph24 = 5.72279823076565e-07
alph34 = -2.21840192950938e-07
alph44 = -3.06162209919151e-08
alph54 = 0
alph64 = 0
alph05 = 0
alph15 = 0
alph25 = 0
alph35 = 0
alph45 = 0
alph55 = 0
alph65 = 0
alph06 = 0
alph16 = 0
alph26 = 0
alph36 = 0
alph46 = 0
alph56 = 0
alph66 = 0
