R00 = 145.145109496329
R10 = -0.0976539693059151
R20 = 0.334163407001684
R30 = -0.446930785976304
R40 = 0.181879478545246
R01 = 1.74477604495583
R11 = -0.0919538993179052
R21 = 0.179844560873926
R31 = -0.133606331352667
R41 = 0.0410225514249919
R02 = -0.0491655379690169
R12 = 0.00710698898070406
R22 = -0.00823054225495917
R32 = 0.000609542602247143
R42 = 0.00114916775392305
R03 = 0.0013415037643754
R13 = -0.000362007479155809
R23 = 0.000358809384119286
R33 = 6.48183954357527e-05
R43 = -0.000104112551302631
R04 = -1.69907294147191e-05
R14 = 5.53820368251513e-06
R24 = -3.15773411117433e-06
R34 = -4.99967306908062e-06
R44 = 3.41331223468399e-06
