#filename: FitPdep_Tc.par

Tc(P) fit parameters (Tc = Tc00 + Tc01*P + Tc02*P^2 + Tc03*P^3 + Tc04*P^4 )
Tc00 = 2.17349425585161
Tc01 = -0.00982499579394534
Tc02 = -0.000118194448444384
Tc03 = -4.36914591522034e-07
Tc04 = 7.39407378262721e-09

